0.01
-1 1 -1
9 2 3 | 11
2 8 5 | 5
3 6 9 | 1

0.01
1000 1000 1000
7 2 3 | 11
2 7 5 | 5
3 6 7 | 1

0.01
-1 1 -1
9 2 3 | 11
2 8 5 | 5
3 6 9.1 | 1

0.01
1000 1000 1000
9 2 3 | 11
2 8 5 | 5
3 6 9.1 | 1

0.0001
1 1 1 1
10 2 3 4 10
10 30 3 4 10
30 4 100 1 10
10 10 10 100 21

0.0001
1000 1000 1000 1000
10 2 3 4 10
10 30 3 4 10
30 4 100 1 10
10 10 10 100 21

0.0001
1 0 -0.2 0.1
10 2 3 4 10
10 30 3 4 10
30 4 100 1 10
10 10 10 100 21

0.1
1 0 -0.2 0.1
10 2 3 4 10
10 30 3 4 10
30 4 100 1 10
10 10 10 100 21

0.00000001
1 0 -0.2 0.1
10 2 3 4 10
10 30 3 4 10
30 4 100 1 10
10 10 10 100 21


# удобная легка матрица
0.001
0 0
1 2 | 11
2 5 | 5

# хорошая матрица
0.001
31 -32 15
1 2 3 | 11
2 5 7 | 5
3 7 9 | 1

# матрица с большим числом обусловленности
0.001
0 0 0 0
5  7  6  5 |  23
7 10  8  7 |  32
6  8 10  9 |  33
5  7  9 10 |  31
